D: [-0.04493039049964271, -0.0727586764968493, 0.007534427571155171, -0.01595401328121107, 0.0]
K: [630.1182661883682, 0.0, 282.7470839058067, 0.0, 629.9925268181928, 267.7373498770941, 0.0, 0.0, 1.0]
R: [1.0, 0.0, 0.0, 0.0, 1.0, 0.0, 0.0, 0.0, 1.0]
P: [613.59765625, 0.0, 272.3578891695943, 0.0, 0.0, 625.5374755859375, 270.7267625364038, 0.0, 0.0, 0.0, 1.0, 0.0]
